Π. Coto 1111111· 111 111111111.

111111161111111111 111 111111 111113111144 1. 111.
1111111111,111111111113111111 ,11111 1111111111

111111 111111, 11111 111 11111111 1111111111111111 11111
111111111111 111 1111111111 11111 11111111111111111111111111
1111111111. 111111111111111111, 1111111111 11111 111
111 111111 111111111111111 1111111 1111111111 1111111
11111, 1111 0111111111.111116111111111111. iiie unii:
1111111 1111111 1111111111 1111111 11111 111111 11111111
11111111 111111 11111 11111111 111 1111 111 111111. 1111
11 1111 1111111111 111111 111 1111 1111 1111 111 111
1111111111 11111, 11 111 8111111111111111111111111
1111111. 11111 11 1111111111 1111111111111111111111 111
1111111. 1111111111 6111111111 111111, 1111111 1111111
1111111111, 111 11111111111111111111111 111111 1111111111 11
1116111111 11111 111. 11111111 11111111111111111111
1111111 11111 1111111111 11111111 1111111 111 1111 11111
111 11111111 11111 111 11111 1111111111 111111111111111111,
11 111 11 1111 111111111111111111111111111,1111111111
Θ111111111111111111111,111 11111111111111 11111111
111111. uuo 111111111111111111111 111 111111 1111111111
1111111111 111 111 int 111, 11111111 1111111111 111 111 111111
1111111111 1111111111111111111 111 111111 111111111 11
1111111111.,,Μ111111111111“,1111111111(ἐῖ),,,11111111111
huius h'bri confectio fuit, utnon modo 111111 absterserit
senectutis 1111111111,111 effecerit mollem otium 11 iucundam
senectutem. Numquam igitur digno 11111 1111111111-
11111111111111, oui qui pareat omno tompus 1111111 sine
molestia possit degero.“

 

